000101100000100100000
000000010110001000100
000000011010001001000
010100011001100100000
010101011010100100000
010110000001100100000
000000100010000001000
000001000000100010000
000000010101001001000
010101011001100010000
010110011001100010000
011010000001100100000
000101000000100010000
010101011010100010000
011001000000100010000
100110011001100010000
101010011001100100000
011001011010100010000
100100011001100100000
011001100000100100000
011001000001100100000
011001010101010100000
000101010101010100001
010100011001010100000
001010010101010100010
001000011001010100100
000110010101010100001
001010000000010010000
000000000000000001000
010110000000011000000
000010101001010100000
000000101001000001000
010101000000011000000
000000000100000001000
010000000000000000000
000000010001010101000
000000000001010100100
000001010101010100010
000110010101010100010
000000010101001000100
000000010110001000010
000000010110001001000
000000001010000000100
001000011001010100000
001010000000100010000
000000010101001000010
000000010110001000100
000010010101010100000
001001010101010101000
010010000001100100000
010110000000101000000
011010000000101000000
011010000000001000000
001001000000010010000
000010101001010100100
000001000000010010000
001001010101010100001
000000010001010101000
010101011010100100000
100000000000011000000
101010000000001000000
100000011001010010000
010101011001100010000
011010011001010100000
011001000000101000000
010000000000001000000
011001011001100100000
010000011001010010000
011001011001100010000
011001100001010100000
011001000000011000000
000000001010000000010
000000010110001000001
010000010110000100000
000110011001010101000
010010011001010010000
000010000000010010000
000101010101010101000
001001010101010100100
000101000000101000000
000000010110000101000
000000100100000001000
000000010100001001000
000000001000000001000
001010010101010100001
000000000000000000010
000000000000000000100
010100010101010100000
010010101001010100000
000000010101001000001
000000001000000000100
000000010110001000010
000000001010000000100
000000010110000100100
000100010101010100000
001001010101010100000
000010101001010100000
000101000000100000000
000101010101010100010
000101011001010101000
000100011001010101000
000010101001010100010
000010010101010100001
001001010101010100001
000110101001010101000
001000011001010100100
000010000000000010000
000001000000010010000
010010011010010100000
101001100001010100000
010001011010010100000
000000100110000000100
101010000000001000000
011001100001010100000
011001011001010100000
000110010101010100010
100110000000101000000
100010101001100100000
100001011001010010000
100010000101100100000
010010011010100100000
000001000000000000000
000000101001000000100
000000100101000001000
000000010100001000001
000000001010000000010
000000000000010000000
001001011010100100000
000000011000000000000
000000011001010100000