01101010011001010100
01101010101010101000
10100110101010100101
00101010101000000000
10000000000000000010
01100110011010010101
10101001010101010101
00010101010101010101
10101000000000000001
01101000000000000001
10000000000000000011
00000000000010100001
00000000000001010000
00000000000001100000
01000110100000000001
10000000000000000001
00000000000010010000
01101010100101011000
01100110100110101000
01101010011001010100
01101001011010101000
01100110101010010100
01101001011001101000
01100110011001101000